0.5227


0.3287


0.2818


0.2503


0.2278


0.2088


0.1905


0.1754


0.1628


0.1481


0.1345


0.1238


0.1130


0.1073


0.0976


0.0899


0.0845


0.0770


0.0718


0.0655


0.0653


0.0631


0.0555


0.0534


0.0515


0.0511


0.0466


0.0438


0.0436


0.0425


0.0426


0.0369


0.0363


0.0407


0.0335


0.0365


0.0366


0.0311


0.0304


0.0289


0.0349


0.0321


0.0312


0.0289


0.0310


0.0306


0.0283


0.0261


0.0294


0.0255


0.0300


0.0254


0.0280


0.0267


0.0256


0.0240


0.0302


0.0251


0.0239


0.0276


0.0219


0.0226


0.0227


0.0232


0.0248


0.0243


0.0254


0.0320


0.0218


0.0252


0.0262


0.0188


0.0225


0.0226


0.0252


0.0229


0.0253


0.0222


0.0234


0.0220


0.0197


0.0225


0.0217


0.0246


0.0213


0.0183


0.0238


0.0231


0.0240


0.0252


0.0240


0.0193


0.0164


0.0241


0.0229


0.0256


0.0183


0.0281


0.0194


0.0187


0.0242


0.0197


0.0194


0.0250


0.0213


0.0174


0.0206


0.0224


0.0231


0.0192


0.0214


0.0229


0.0213


0.0260


0.0196


0.0247


0.0175


0.0161


0.0213


0.0201


0.0239


0.0212


0.0196


0.0263


0.0224


0.0238


0.0207


0.0241


0.0163


0.0213


0.0184


0.0262


0.0213


0.0200


0.0179


0.0247


0.0221


0.0201


0.0278


0.0174


0.0178


0.0269


0.0166


0.0185


0.0130


0.0200


0.0240


0.0247


0.0197


0.0152


0.0273


0.0251


0.0182


0.0173


0.0224


0.0188


0.0227


0.0259


0.0209


0.0236


0.0170


0.0249


0.0196


0.0176


0.0229


0.0222


0.0204


0.0213


0.0190


0.0219


0.0224


0.0265


0.0245


0.0233


0.0194


0.0195


0.0220


0.0224


0.0214


0.0199


0.0163


0.0258


0.0232


0.0193


0.0209


0.0239


0.0155


0.0229


0.0188


0.0238


0.0210


0.0164


0.0240


0.0229


0.0225


0.0213


0.0276


0.0259


0.0229


0.0244


0.0178


0.0265


0.0266


0.0250


0.0167


0.0201


0.0260


0.0300


0.0227


0.0207


0.0209


0.0270


0.0191


0.0221


0.0188


0.0299


0.0225


0.0221


0.0227


0.0238


0.0251


0.0197


0.0204


0.0196


0.0275


0.0280


0.0237


0.0178


0.0236


0.0170


0.0237


0.0256


0.0213


0.0253


0.0236


0.0238


0.0281


0.0255


0.0195


0.0207


0.0259


0.0316


0.0240


0.0263


0.0244


0.0245


0.0215


0.0239


0.0209


0.0188


0.0251


0.0318


0.0268


0.0248


0.0227


0.0299


0.0266


0.0209


0.0267


0.0259


0.0183


0.0169


0.0208


0.0298


0.0289


0.0253


0.0307


0.0234


0.0198


0.0281


0.0279


0.0221


0.0219


0.0267


0.0276


0.0224


0.0167


0.0239


0.0215


0.0321


0.0360


0.0253


0.0273


0.0272


0.0265


0.0243


0.0239


0.0251


0.0325


0.0318


0.0224


0.0212


0.0274


0.0305


0.0362


0.0210


0.0294


0.0258


0.0344


0.0295


0.0324


0.0392


0.0217


0.0281


0.0293


0.0323


0.0224


0.0281


0.0342


0.0239


0.0306


0.0257


0.0217


0.0335


0.0213


0.0292


0.0393


0.0378


0.0312


0.0298


0.0262


0.0433


0.0323


0.0277


0.0366


0.0306


0.0330


0.0387


0.0281


0.0303


0.0382


0.0269


0.0266


0.0254


0.0334


0.0325


0.0316


0.0350


0.0331


0.0374


0.0484


0.0458


0.0297


0.0366


0.0350


0.0250


0.0307


0.0342


0.0323


0.0302


0.0316


0.0301


0.0299


0.0380


0.0326


0.0386


0.0309


0.0319


0.0303


0.0338


0.0338


0.0306


0.0426


0.0360


0.0259


0.0298


0.0247


0.0335


0.0309


0.0397


0.0366


0.0399


0.0297


0.0431


0.0435


0.0510


0.0296


0.0367


0.0385


0.0431


0.0465


0.0379


0.0382


0.0326


0.0376


0.0387


0.0271


0.0399


0.0327


0.0357


0.0422


0.0405


0.0263


0.0375


0.0446


0.0336


0.0321


0.0389


0.0356


0.0337


0.0417


0.0494


0.0313


0.0407


0.0430


0.0430


0.0453


0.0373


0.0442


0.0489


0.0326


0.0338


0.0440


0.0348


0.0366


0.0443


0.0310


0.0371


0.0457


0.0369


0.0394


0.0365


0.0379


0.0431


0.0503


0.0383


0.0397


0.0517


0.0653


0.0509


0.0391


0.0355


0.0406


0.0500


0.0505


0.0361


0.0456


0.0434


0.0410


0.0493


0.0370


0.0456


0.0454


0.0379


0.0491


0.0488


0.0486


0.0534


0.0606


0.0442


0.0578


0.0422


0.0525


0.0333


0.0420


0.0454


0.0549


0.0539


0.0478


0.0521


0.0456


0.0623


0.0370


0.0659


0.0428


0.0396


0.0556


0.0519


0.0496


0.0677


0.0546


0.0625


0.0579


0.0651


0.0608


0.0492


0.0495


0.0497


0.0595


0.0462


0.0544


0.0543


0.0369


0.0648


0.0669


0.0708


0.0580


0.0589


0.0567


0.0460


0.0782


0.0791


0.0691


0.0553


0.0672


0.0614


0.0651


0.0773


0.0549


0.0468

Test loss: 1.2186070778661964
Test accuracy: 0.9196

