Epoch: 1  Val accuracy: 88.5859%  Loss: 0.084925 (improved)
Total time: 620.8889670372009
Iteration: 550/550 (100.0%)  Loss: 0.07110 Accuracy: 0.88889Epoch time: 603.949346780777
Epoch: 2  Val accuracy: 89.2929%  Loss: 0.079273 (improved)
Total time: 1243.4593555927277
Iteration: 550/550 (100.0%)  Loss: 0.06916 Accuracy: 0.88889Epoch time: 601.8562123775482
Epoch: 3  Val accuracy: 89.5960%  Loss: 0.076604 (improved)
Total time: 1864.0130450725555
Iteration: 550/550 (100.0%)  Loss: 0.05661 Accuracy: 0.91919Epoch time: 598.5073256492615
Epoch: 4  Val accuracy: 89.9596%  Loss: 0.073442 (improved)
Total time: 2481.0905690193176
Iteration: 550/550 (100.0%)  Loss: 0.05246 Accuracy: 0.92929Epoch time: 596.2687349319458
Epoch: 5  Val accuracy: 90.0404%  Loss: 0.075712
Total time: 3094.818393468857
Iteration: 550/550 (100.0%)  Loss: 0.04690 Accuracy: 0.92929Epoch time: 599.251701593399
Epoch: 6  Val accuracy: 90.5051%  Loss: 0.071344 (improved)
Total time: 3712.7503411769867
train acc
[0.8761065
 0.89213955
 0.9044077
 0.91438013
 0.9226997
 0.93022954]

train loss
[0.09169594
 0.0796945
 0.071661234
 0.06512556
 0.059735212
 0.054975685]

val acc
[0.8858586
 0.8929293
 0.8959596
 0.89959604
 0.90040404
 0.9050505]

val loss
[[0.06264871, 0.07910798, 0.09373208, 0.08380769, 0.072687395, 0.10073306, 0.08939335, 0.07703373, 0.07410018, 0.08156196, 0.09291599, 0.09672547, 0.11581328, 0.072352484, 0.09661323, 0.058086313, 0.07596273, 0.082327776, 0.10911948, 0.06939797, 0.08441087, 0.09720689, 0.102126986, 0.0778896, 0.105218016, 0.062360507, 0.10255174, 0.09473999, 0.09755701, 0.104498915, 0.07485469, 0.0706778, 0.103539675, 0.102330826, 0.06453146, 0.12385796, 0.08702201, 0.06423775, 0.0870415, 0.11492938, 0.11541472, 0.05465257, 0.07532413, 0.07584709, 0.078203954, 0.05162586, 0.042099405, 0.07055035, 0.07946216, 0.097341925], [0.058070824, 0.07408216, 0.08987964, 0.07907763, 0.06168097, 0.0928485, 0.08355814, 0.07290657, 0.06777793, 0.07657023, 0.08905655, 0.08710409, 0.10440603, 0.068918295, 0.088569194, 0.058827788, 0.07421799, 0.07315297, 0.10468715, 0.06368739, 0.075515635, 0.093112424, 0.09485686, 0.070871554, 0.10191473, 0.056884944, 0.09596097, 0.089706965, 0.09241838, 0.10173855, 0.0700944, 0.06720589, 0.09716917, 0.095209874, 0.059202548, 0.11805476, 0.080120966, 0.0608796, 0.08405629, 0.104613684, 0.10455489, 0.04921652, 0.06892974, 0.07033229, 0.07206558, 0.04706902, 0.03992719, 0.06539615, 0.07374657, 0.093751825], [0.054932613, 0.07063465, 0.08975493, 0.07511238, 0.061167926, 0.086080395, 0.081057, 0.06916384, 0.06777794, 0.073767714, 0.09222117, 0.08278166, 0.10092954, 0.06721866, 0.08573796, 0.056125093, 0.07327742, 0.06442048, 0.10122601, 0.059187666, 0.071307406, 0.093149446, 0.089289784, 0.066057146, 0.10282588, 0.058779623, 0.09060475, 0.08076225, 0.088016786, 0.10341479, 0.066828676, 0.067984305, 0.09367729, 0.09016535, 0.053686246, 0.10854185, 0.08166276, 0.056157093, 0.08129954, 0.10126972, 0.104338855, 0.047349337, 0.068940684, 0.06377301, 0.071706615, 0.04665932, 0.039190624, 0.06589126, 0.06956285, 0.094709136], [0.051541887, 0.06669984, 0.08667631, 0.073365234, 0.05680494, 0.084839605, 0.07388941, 0.06363888, 0.0655794, 0.07618174, 0.0905153, 0.074292436, 0.09431675, 0.06613787, 0.07950864, 0.055995118, 0.07077308, 0.062201444, 0.09461102, 0.05413387, 0.06352961, 0.08849315, 0.0873088, 0.06338477, 0.101359814, 0.052087184, 0.08836837, 0.08079086, 0.0879891, 0.10124174, 0.06263155, 0.06447099, 0.08860179, 0.08807216, 0.049851116, 0.10510196, 0.08161488, 0.055323493, 0.081887946, 0.09525967, 0.10157902, 0.046155274, 0.061045002, 0.061773676, 0.071931124, 0.045719106, 0.037916657, 0.06204183, 0.06466563, 0.090181276], [0.052742645, 0.067662954, 0.08956061, 0.070612304, 0.05918336, 0.08329646, 0.0730189, 0.073537424, 0.06899378, 0.07894946, 0.093610644, 0.074914485, 0.09694238, 0.066610776, 0.08163088, 0.05623194, 0.07344878, 0.06301104, 0.09422034, 0.055953726, 0.06775523, 0.09116703, 0.08889992, 0.067461744, 0.10487666, 0.057191983, 0.09196392, 0.08088885, 0.090166725, 0.10113214, 0.070215076, 0.06998453, 0.09022407, 0.094632745, 0.052279573, 0.10733765, 0.083784685, 0.05747682, 0.085650735, 0.09729959, 0.101632535, 0.046411887, 0.06887917, 0.06103913, 0.07211193, 0.05125594, 0.038433302, 0.06589157, 0.06553791, 0.08987571], [0.047872666, 0.0602362, 0.085693955, 0.06488004, 0.054203197, 0.08371328, 0.06568663, 0.06075024, 0.06491284, 0.07356767, 0.086261764, 0.07486536, 0.08945112, 0.062369265, 0.072417066, 0.05056819, 0.0637066, 0.0568014, 0.09720229, 0.052199017, 0.065394215, 0.09377475, 0.085566156, 0.0633093, 0.10625958, 0.052059066, 0.083628446, 0.08683721, 0.08443823, 0.09483472, 0.06253786, 0.059767205, 0.0847431, 0.09314706, 0.048842438, 0.10940262, 0.086234026, 0.056836225, 0.08144846, 0.09391197, 0.096938096, 0.04061546, 0.05606229, 0.058975037, 0.06698513, 0.04414531, 0.035232063, 0.064712435, 0.054503135, 0.08869841]]

Final test accuracy: 89.9490%  Loss: 0.075920